40000000
40000000
40000000
40000000
40000000
40000000
40000000
40000000
40000000
40000000
40000000
40000000
40000000
40000000
40000000
40000000
40000000
40000000
40000000
40000000
40000000
40000000
40000000
40000000
40000000
40000000
40000000
40000000
40000000
40000000
40000000
40000000
40000000
40000000
40000000
40000000
40000000
40000000
40000000
40000000
40000000
40000000
40000000
40000000
40000000
40000000
40000000
40000000
40000000
40000000
40000000
40000000
40000000
40000000
40000000
40000000
40000000
40000000
40000000
40000000
40000000
40000000
40000000
40000000
40000000
40000000
40000000
40000000
40000000
40000000
40000000
40000000
40000000
40000000
40000000
40000000
40000000
40000000
40000000
40000000
40000000
40000000
40000000
40000000
40000000
40000000
40000000
40000000
40000000
40000000
40000000
40000000
40000000
40000000
40000000
40000000
40000000
40000000
40000000
40000000
40000000
40000000
40000000
40000000
40000000
40000000
40000000
40000000
40000000
40000000
40000000
40000000
40000000
40000000
40000000
40000000
40000000
40000000
40000000
40000000
40000000
40000000
40000000
40000000
40000000
40000000
40000000
40000000
40000000
40000000
40000000
40000000
40000000
40000000
40000000
40000000
40000000
40000000
40000000
40000000
40000000
40000000
40000000
3E4CCCCC
3F1F9F9F
3F7DFDFD
3F1F9F9F
3E48C8C8
40000000
40000000
40000000
40000000
40000000
40000000
40000000
40000000
40000000
40000000
40000000
40000000
40000000
40000000
40000000
40000000
40000000
40000000
40000000
40000000
40000000
40000000
40000000
40000000
40000000
40000000
3E40C0C0
3F6EEEEE
3F7CFCFC
3F7CFCFC
3F7CFCFC
3F6DEDED
40000000
40000000
40000000
40000000
40000000
40000000
40000000
40000000
40000000
40000000
40000000
40000000
40000000
40000000
40000000
40000000
40000000
40000000
40000000
40000000
40000000
40000000
40000000
40000000
40000000
3E58D8D8
3F63E3E3
3F7DFDFD
3F7CFCFC
3F6FEFEF
3F69E9E9
3F7CFCFC
3E64E4E4
3CC0C0C0
40000000
40000000
40000000
40000000
40000000
40000000
40000000
40000000
40000000
40000000
40000000
40000000
40000000
40000000
40000000
40000000
40000000
40000000
40000000
40000000
40000000
3D20A0A0
3E70F0F0
3F60E0E0
3F7CFCFC
3F7DFDFD
3F7CFCFC
3F4ACACA
3EA8A8A8
3F7CFCFC
3F7DFDFD
3EF4F4F4
40000000
40000000
40000000
40000000
40000000
40000000
40000000
40000000
40000000
40000000
40000000
40000000
40000000
40000000
40000000
40000000
40000000
40000000
40000000
40000000
40000000
3F23A3A3
3F7CFCFC
3F7CFCFC
3F7CFCFC
3F7DFDFD
3F7CFCFC
3F7CFCFC
3EC0C0C0
3F3DBDBD
3F7DFDFD
3F27A7A7
40000000
40000000
40000000
40000000
40000000
40000000
40000000
40000000
40000000
40000000
40000000
40000000
40000000
40000000
40000000
40000000
40000000
40000000
40000000
40000000
3E4CCCCC
3F6EEEEE
3F7DFDFD
3F7DFDFD
3F3EBEBE
3EE4E4E4
3F7DFDFD
3F64E4E4
3E3CBCBC
3E9E9E9E
3F800000
3F28A8A8
40000000
40000000
40000000
40000000
40000000
40000000
40000000
40000000
40000000
40000000
40000000
40000000
40000000
40000000
40000000
40000000
40000000
40000000
40000000
3E40C0C0
3F6EEEEE
3F7CFCFC
3F7CFCFC
3F33B3B3
3D40C0C0
3E969696
3EF2F2F2
3DA8A8A8
40000000
40000000
3F7DFDFD
3F73F3F3
3E48C8C8
40000000
40000000
40000000
40000000
40000000
40000000
40000000
40000000
40000000
40000000
40000000
40000000
40000000
40000000
40000000
40000000
40000000
3E189898
3F25A5A5
3F7DFDFD
3F69E9E9
3F50D0D0
3EA8A8A8
40000000
40000000
40000000
40000000
40000000
40000000
3F7DFDFD
3F7CFCFC
3F25A5A5
40000000
40000000
40000000
40000000
40000000
40000000
40000000
40000000
40000000
40000000
40000000
40000000
40000000
40000000
40000000
40000000
3CE0E0E0
3F32B2B2
3F7CFCFC
3F70F0F0
3E8E8E8E
3D989898
3DE0E0E0
40000000
40000000
40000000
40000000
40000000
40000000
3F7DFDFD
3F7CFCFC
3F43C3C3
40000000
40000000
40000000
40000000
40000000
40000000
40000000
40000000
40000000
40000000
40000000
40000000
40000000
40000000
40000000
40000000
3E64E4E4
3F7CFCFC
3F7CFCFC
3E7CFCFC
40000000
40000000
40000000
40000000
40000000
40000000
40000000
40000000
40000000
3F7DFDFD
3F7CFCFC
3F43C3C3
40000000
40000000
40000000
40000000
40000000
40000000
40000000
40000000
40000000
40000000
40000000
40000000
40000000
40000000
40000000
40000000
3F46C6C6
3F7DFDFD
3F3EBEBE
40000000
40000000
40000000
40000000
40000000
40000000
40000000
40000000
40000000
40000000
3F800000
3F7DFDFD
3F44C4C4
40000000
40000000
40000000
40000000
40000000
40000000
40000000
40000000
40000000
40000000
40000000
40000000
40000000
40000000
40000000
3E989898
3F76F6F6
3F7CFCFC
3EE0E0E0
40000000
40000000
40000000
40000000
40000000
40000000
40000000
40000000
40000000
40000000
3F7DFDFD
3F7CFCFC
3F149494
40000000
40000000
40000000
40000000
40000000
40000000
40000000
40000000
40000000
40000000
40000000
40000000
40000000
40000000
40000000
3EAAAAAA
3F7CFCFC
3F66E6E6
3DC8C8C8
40000000
40000000
40000000
40000000
40000000
40000000
40000000
40000000
3CE0E0E0
3F078787
3F7DFDFD
3F3ABABA
3D40C0C0
40000000
40000000
40000000
40000000
40000000
40000000
40000000
40000000
40000000
40000000
40000000
40000000
40000000
40000000
40000000
3EAAAAAA
3F7CFCFC
3F5FDFDF
40000000
40000000
40000000
40000000
40000000
40000000
40000000
40000000
3CE0E0E0
3F038383
3F7CFCFC
3F61E1E1
3E8E8E8E
40000000
40000000
40000000
40000000
40000000
40000000
40000000
40000000
40000000
40000000
40000000
40000000
40000000
40000000
40000000
40000000
3EAAAAAA
3F7CFCFC
3F119191
40000000
40000000
40000000
40000000
40000000
40000000
40000000
3E40C0C0
3F25A5A5
3F7CFCFC
3F2DADAD
40000000
40000000
40000000
40000000
40000000
40000000
40000000
40000000
40000000
40000000
40000000
40000000
40000000
40000000
40000000
40000000
40000000
40000000
3EACACAC
3F7DFDFD
3F61E1E1
40000000
40000000
40000000
40000000
40000000
40000000
3EE4E4E4
3F6EEEEE
3F7DFDFD
3F22A2A2
40000000
40000000
40000000
40000000
40000000
40000000
40000000
40000000
40000000
40000000
40000000
40000000
40000000
40000000
40000000
40000000
40000000
40000000
40000000
3EAAAAAA
3F7CFCFC
3F79F9F9
3F129292
3E40C0C0
3DE8E8E8
3EAAAAAA
3F32B2B2
3F61E1E1
3F7DFDFD
3F5FDFDF
3F27A7A7
3E60E0E0
40000000
40000000
40000000
40000000
40000000
40000000
40000000
40000000
40000000
40000000
40000000
40000000
40000000
40000000
40000000
40000000
40000000
40000000
40000000
3EAAAAAA
3F7CFCFC
3F7CFCFC
3F7CFCFC
3F65E5E5
3F57D7D7
3F7CFCFC
3F7CFCFC
3F7CFCFC
3F44C4C4
3F028282
40000000
40000000
40000000
40000000
40000000
40000000
40000000
40000000
40000000
40000000
40000000
40000000
40000000
40000000
40000000
40000000
40000000
40000000
40000000
40000000
40000000
3DE0E0E0
3F47C7C7
3F7CFCFC
3F7CFCFC
3F7DFDFD
3F7CFCFC
3F7CFCFC
3F69E9E9
3F119191
40000000
40000000
40000000
40000000
40000000
40000000
40000000
40000000
40000000
40000000
40000000
40000000
40000000
40000000
40000000
40000000
40000000
40000000
40000000
40000000
40000000
40000000
40000000
40000000
3DC8C8C8
3F008080
3F7CFCFC
3F7DFDFD
3F7CFCFC
3F0D8D8D
3E149494
40000000
40000000
40000000
40000000
40000000
40000000
40000000
40000000
40000000
40000000
40000000
40000000
40000000
40000000
40000000
40000000
40000000
40000000
40000000
40000000
40000000
40000000
40000000
40000000
40000000
40000000
40000000
40000000
40000000
40000000
40000000
40000000
40000000
40000000
40000000
40000000
40000000
40000000
40000000
40000000
40000000
40000000
40000000
40000000
40000000
40000000
40000000
40000000
40000000
40000000
40000000
40000000
40000000
40000000
40000000
40000000
40000000
40000000
40000000
40000000
40000000
40000000
40000000
40000000
40000000
40000000
40000000
40000000
40000000
40000000
40000000
40000000
40000000
40000000
40000000
40000000
40000000
40000000
40000000
40000000
40000000
40000000
40000000
40000000
40000000
40000000
40000000
40000000
40000000
40000000
40000000
40000000
40000000
40000000
40000000
40000000
40000000
40000000
40000000
40000000
40000000
40000000
40000000
40000000
40000000
40000000
40000000
40000000
40000000
40000000
40000000
40000000
40000000
40000000
40000000
40000000
40000000
40000000
40000000
40000000
40000000
40000000
40000000
40000000
40000000
40000000
40000000
40000000
40000000
40000000
40000000
40000000
40000000
40000000
40000000
40000000
40000000
40000000
40000000
40000000
40000000
40000000
40000000
40000000
40000000
40000000
40000000
40000000
40000000
40000000
40000000
40000000
40000000
40000000
40000000
40000000
40000000
40000000
40000000
40000000
40000000
40000000
40000000
40000000
40000000
40000000
40000000
40000000
40000000
40000000
40000000
40000000
40000000
40000000
40000000
40000000
40000000
40000000
40000000
40000000
40000000
40000000
40000000
40000000
40000000
40000000
40000000
40000000
40000000
40000000
40000000
40000000
40000000
40000000
40000000
40000000
40000000
40000000
40000000
40000000
40000000
40000000
40000000
40000000
40000000
40000000
40000000
40000000
40000000
40000000
40000000
40000000
40000000
40000000
40000000
40000000
40000000
40000000
40000000
40000000
40000000
40000000
40000000
40000000
40000000
40000000
40000000
40000000
40000000
40000000
40000000
40000000
40000000
40000000
40000000
40000000
40000000
40000000
40000000
40000000
40000000
40000000
40000000
40000000
40000000
40000000
40000000
40000000
40000000
40000000
40000000
40000000
40000000
40000000
40000000
40000000
40000000
40000000
40000000
40000000
40000000
40000000
40000000
40000000
40000000
40000000
40000000
40000000
40000000
40000000
40000000
40000000
40000000
40000000
